A320;000156.png;0
A320;000157.png;1;[1276, 310];[1303, 310];[1276, 314];[1235.71, 311.212];[1170, 313]
A320;000158.png;1;[1265, 306];[1293, 306];[1267, 310];[1225.37, 308.018];[1161, 310]
A320;000159.png;0
A320;000160.png;1;[1276, 308];[1303, 307];[1275, 312];[1235.48, 308.882];[1171, 311]
A320;000161.png;0
A320;000162.png;0
A320;000163.png;0
A320;000164.png;0
A320;000165.png;0
A320;000166.png;1;[1282, 453];[1314, 452];[1281, 457];[1235.83, 454.821];[1162, 459]
A320;000167.png;0
A320;000168.png;0
A320;000169.png;0
A320;000170.png;0
A320;000171.png;1;[1309, 511];[1344, 510];[1309, 516];[1262.29, 514.011];[1181, 517]
A320;000172.png;1;[1305, 511];[1340, 510];[1305, 516];[1258.55, 513.673];[1178, 518]
A320;000173.png;1;[1301, 510];[1336, 509];[1309, 514];[1255.44, 512.758];[1172, 515]
A320;000174.png;1;[1306, 504];[1340, 503];[1313, 508];[1259.11, 506.525];[1175, 509]
A320;000175.png;0
A320;000176.png;1;[1310, 528];[1344, 526];[1315, 533];[1260.58, 530.285];[1177, 535]
A320;000177.png;0
A320;000178.png;0
A320;000179.png;1;[1311, 548];[1346, 546];[1311, 552];[1259.88, 550.353];[1176, 555]
A320;000180.png;1;[1312, 556];[1349, 555];[1313, 561];[1264.39, 559.197];[1178, 563]
A320;000181.png;0
A320;000182.png;1;[1311, 563];[1348, 562];[1312, 568];[1262.23, 566.229];[1177, 571]
A320;000183.png;1;[1312, 564];[1348, 562];[1313, 568];[1260.3, 566.11];[1177, 571]
A320;000184.png;1;[1311, 563];[1348, 561];[1318, 569];[1264.27, 566.289];[1177, 571]
A320;000185.png;1;[1311, 563];[1348, 562];[1312, 568];[1261.62, 565.967];[1177, 571]
A320;000186.png;1;[1311, 563];[1347, 561];[1311, 568];[1264.9, 566.107];[1176, 569]
ANAB787;000187.png;0
ANAB787;000188.png;0
ANAB787;000189.png;0
ANAB787;000190.png;0
ANAB787;000191.png;0
ANAB787;000192.png;0
ANAB787;000193.png;0
ANAB787;000194.png;0
ANAB787;000195.png;0
ANAB787;000196.png;1;[1335, 124];[1352, 146];[1325, 143];[1272.45, 117.482];[1189, 112]
ANAB787;000197.png;1;[1333, 133];[1349, 155];[1322, 152];[1269.35, 126.418];[1185, 122]
ANAB787;000198.png;1;[1320, 142];[1336, 165];[1308, 161];[1253.91, 135.567];[1169, 132]
ANAB787;000199.png;1;[1304, 163];[1321, 185];[1293, 183];[1236.85, 156.792];[1147, 152]
ANAB787;000200.png;1;[1234, 193];[1252, 217];[1221, 214];[1161.73, 187.73];[1065, 185]
ANAB787;000201.png;1;[1202, 217];[1222, 242];[1189, 239];[1126.96, 212.755];[1027, 210]
ANAB787;000202.png;1;[1194, 224];[1215, 250];[1180, 247];[1118.19, 220.118];[1016, 218]
ANAB787;000203.png;1;[1191, 235];[1212, 261];[1177, 258];[1112.99, 230.61];[1010, 228]
ANAB787;000204.png;1;[1190, 255];[1211, 281];[1175, 278];[1111.11, 250.482];[1003, 250]
ANAB787;000205.png;1;[1196, 265];[1218, 292];[1181, 289];[1115.03, 260.862];[1007, 259]
ANAB787;000206.png;1;[1192, 266];[1214, 293];[1176, 289];[1111.49, 261.375];[1003, 260]
ANAB787;000207.png;1;[1213, 295];[1236, 322];[1196, 319];[1128.95, 290.041];[1017, 287]
ANAB787;000208.png;1;[1227, 327];[1250, 357];[1211, 353];[1140.89, 322.514];[1023, 321]
ANAB787;000209.png;1;[1171, 91];[1204, 105];[1135, 109];[1124.95, 99.6078];[1052, 119]
ANAB787;000210.png;1;[1225, 324];[1248, 353];[1207, 349];[1137.79, 319.118];[1022, 316]
ANAB787;000211.png;1;[1225, 320];[1248, 350];[1209, 346];[1136.04, 315.821];[1023, 313]
ANAB787;000212.png;1;[1206, 291];[1229, 318];[1191, 316];[1122.54, 286.741];[1012, 284]
ANAB787;000213.png;1;[1217, 296];[1239, 324];[1200, 320];[1132.87, 290.825];[1021, 288]
ANAB787;000214.png;1;[1202, 291];[1224, 320];[1186, 315];[1118.2, 286.378];[1007, 284]
ANAB787;000215.png;1;[1203, 295];[1226, 323];[1189, 320];[1119.14, 291.117];[1009, 288]
ANAB787;000216.png;1;[1212, 315];[1234, 343];[1198, 340];[1130.02, 310.679];[1019, 308]
ANAB787;000217.png;1;[1243, 357];[1266, 386];[1227, 382];[1158.69, 352.228];[1044, 349]
ANAB787;000218.png;1;[1232, 355];[1255, 382];[1216, 380];[1146.45, 350.205];[1034, 347]
ANAB787;000219.png;1;[1226, 358];[1249, 387];[1213, 384];[1140.3, 354.13];[1025, 367]
ANAB787;000220.png;1;[1230, 366];[1253, 393];[1214, 391];[1143.98, 361.076];[1029, 359]
ANAB787;000221.png;1;[1230, 374];[1253, 402];[1213, 399];[1141.18, 369.771];[1027, 367]
ANAB787;000222.png;1;[1231, 374];[1254, 403];[1216, 400];[1141.76, 369.67];[1022, 366]
ANAB787;000223.png;1;[1231, 374];[1254, 404];[1217, 400];[1143.16, 370.3];[1027, 385]
ANAB787;000224.png;1;[1232, 375];[1255, 402];[1217, 400];[1143.14, 370.275];[1029, 367]
ANAB787;000225.png;1;[1231, 374];[1254, 404];[1217, 400];[1144.85, 370.284];[1029, 367]
ANAB787;000226.png;1;[1231, 374];[1255, 402];[1216, 400];[1141.72, 370.721];[1026, 384]
ANAB787;000227.png;1;[1231, 374];[1254, 403];[1216, 400];[1141.36, 369.651];[1022, 366]
ANAB787;000228.png;1;[1231, 374];[1254, 403];[1215, 400];[1142.57, 370.391];[1028, 369]
ANAB787;000229.png;1;[1232, 375];[1254, 403];[1215, 400];[1145.16, 370.094];[1028, 369]
B787;000125.png;1;[1263, 274];[1322, 268];[1268, 264];[1270.1, 278.379];[1225, 286]
B787;000126.png;0
B787;000127.png;0
B787;000128.png;0
B787;000129.png;1;[1055, 307];[1139, 309];[1087, 347];[1075.27, 326.84];[1020, 339]
B787;000130.png;1;[868, 363];[931, 354];[890, 323];[881.358, 345.406];[824, 335]
B787;000131.png;0
B787;000132.png;0
B787;000133.png;1;[680, 445];[741, 437];[697, 407];[692.254, 428.88];[637, 418]
B787;000134.png;1;[611, 467];[671, 459];[625, 429];[622.941, 451.317];[568, 441]
B787;000135.png;0
B787;000136.png;0
B787;000137.png;1;[1181, 97];[1240, 86];[1188, 73];[1131.63, 80.9704];[1022, 81]
B787;000138.png;0
B787;000139.png;0
B787;000140.png;0
B787;000141.png;0
B787;000142.png;1;[1167, 48];[1187, 46];[1172, 30];[1108.78, 31.3956];[1031, 38]
B787;000143.png;1;[1153, 92];[1175, 90];[1159, 73];[1092.71, 74.5777];[1009, 82]
B787;000144.png;1;[1151, 119];[1173, 117];[1156, 99];[1089.87, 101.099];[1004, 109]
B787;000145.png;1;[1158, 140];[1176, 137];[1160, 120];[1091.63, 121.539];[1007, 129]
B787;000146.png;1;[1163, 180];[1188, 179];[1170, 160];[1100.61, 161.501];[1010, 170]
B787;000147.png;1;[1172, 229];[1195, 227];[1176, 207];[1102.45, 209.079];[1009, 217]
B787;000148.png;1;[1201, 287];[1230, 286];[1209, 264];[1128.52, 265.787];[1027, 274]
B787;000149.png;1;[1142, 271];[1170, 269];[1150, 248];[1072.96, 251.482];[972, 262]
B787;000150.png;1;[1132, 274];[1159, 271];[1139, 251];[1058.55, 254.665];[960, 265]
B787;000151.png;1;[1141, 296];[1168, 293];[1147, 272];[1065.94, 275.697];[963, 286]
B787;000152.png;1;[1142, 325];[1173, 323];[1150, 300];[1068.12, 304.528];[960, 316]
B787;000153.png;1;[1157, 305];[1182, 329];[1145, 330];[1068.85, 308.117];[955, 319]
B787;000154.png;1;[1158, 290];[1195, 327];[1149, 323];[1078.26, 300.875];[960, 312]
B787;000155.png;1;[1151, 319];[1176, 316];[1154, 294];[1070.62, 297.932];[964, 309]
B787;000156.png;1;[1142, 318];[1172, 316];[1150, 293];[1067.63, 297.929];[961, 309]
B787;000157.png;1;[1172, 350];[1204, 348];[1181, 325];[1094.63, 328.431];[984, 339]
B787;000158.png;1;[1172, 354];[1205, 352];[1182, 329];[1095.5, 332.5];[984, 343]
B787;000159.png;1;[1172, 350];[1204, 348];[1181, 324];[1095.93, 328.531];[984, 340]
B787;000160.png;1;[1161, 344];[1192, 342];[1170, 319];[1085.36, 322.998];[974, 334]
B787;000161.png;1;[1153, 305];[1187, 331];[1150, 332];[1071.41, 308.698];[959, 321]
B787;000162.png;1;[1139, 313];[1170, 311];[1148, 289];[1064.91, 293.172];[959, 304]
B787;000163.png;1;[1140, 313];[1171, 311];[1148, 288];[1066.84, 292.34];[960, 303]
B787;000164.png;1;[1133, 310];[1163, 308];[1141, 285];[1059.31, 289.856];[953, 301]
B787;000165.png;1;[1165, 333];[1196, 331];[1174, 308];[1090.45, 311.833];[980, 323]
B787;000166.png;1;[1220, 333];[1258, 371];[1214, 369];[1136.72, 344.248];[1012, 355]
B787;000167.png;1;[1194, 361];[1226, 359];[1204, 336];[1116.95, 339.634];[1005, 350]
B787;000168.png;1;[1213, 364];[1245, 362];[1222, 338];[1134.42, 341.621];[1020, 352]
B787;000169.png;1;[1207, 344];[1239, 342];[1216, 318];[1126.09, 321.615];[1013, 332]
B787;000170.png;1;[1200, 335];[1233, 333];[1210, 308];[1120.3, 312.56];[1005, 324]
B787;000171.png;1;[1236, 316];[1276, 357];[1216, 357];[1149.77, 330.019];[1019, 338]
B787;000172.png;1;[1223, 353];[1257, 351];[1233, 326];[1141.85, 329.751];[1024, 341]
B787;000173.png;1;[1225, 353];[1256, 351];[1232, 326];[1141.47, 329.466];[1023, 341]
B787;000174.png;1;[1221, 353];[1255, 351];[1232, 326];[1140.07, 329.992];[1023, 341]
B787;000175.png;1;[1233, 325];[1260, 353];[1219, 353];[1138.19, 327.595];[1013, 341]
B787;000176.png;1;[1233, 325];[1259, 354];[1215, 357];[1138.05, 329.589];[1013, 341]
B787;000177.png;1;[1222, 353];[1256, 351];[1232, 326];[1141.03, 329.74];[1023, 341]
MASB737;000184.png;0
MASB737;000185.png;0
MASB737;000186.png;1;[673, 23];[692, 14];[692, 41];[622.301, 36.9893];[542, 50]
MASB737;000187.png;1;[673, 24];[691, 15];[691, 42];[621.368, 38.6062];[541, 52]
MASB737;000189.png;1;[1627, 580];[1765, 559];[1591, 567];[1624.65, 576.345];[1490, 578]
MASB737;000190.png;1;[1521, 620];[1781, 582];[1607, 590];[1646.08, 599.911];[1504, 602]
MASB737;000200.png;1;[1035, 286];[1159, 269];[1073, 263];[1017.63, 267.689];[918, 283]
MASB737;000201.png;1;[1049, 318];[1178, 299];[1091, 295];[1030.06, 301.046];[926, 311]
MASB737;000202.png;1;[1540, 357];[1564, 358];[1561, 380];[1489.97, 374.892];[1404, 380]
MASB737;000203.png;1;[1538, 374];[1562, 375];[1559, 398];[1488.05, 392.387];[1401, 401]
MASB737;000204.png;1;[1555, 392];[1579, 394];[1576, 415];[1499.51, 410.701];[1416, 418]
MASB737;000205.png;1;[1554, 392];[1579, 392];[1576, 414];[1503.18, 409.815];[1416, 417]
MASB737;000206.png;1;[1552, 391];[1577, 391];[1574, 415];[1501.91, 409.088];[1415, 418]
MASB737;000207.png;1;[1024, 382];[1149, 362];[1055, 356];[994.419, 362.111];[883, 373]
MASB737;000208.png;1;[1552, 389];[1576, 389];[1573, 412];[1500.07, 407.463];[1413, 413]
MASB737;000209.png;1;[1550, 395];[1575, 395];[1572, 419];[1498.69, 413.763];[1411, 419]
MASB737;000210.png;1;[1536, 420];[1561, 421];[1557, 445];[1478.33, 440.034];[1392, 448]
MASB737;000211.png;1;[1503, 412];[1529, 411];[1526, 435];[1448.14, 431.849];[1360, 443]
MASB737;000212.png;1;[1507, 410];[1532, 410];[1529, 434];[1451.88, 430.408];[1363, 440]
MASB737;000213.png;1;[960, 412];[1087, 389];[991, 385];[926.256, 392.976];[816, 404]
MASB737;000214.png;1;[1512, 415];[1537, 414];[1534, 440];[1459.72, 435.491];[1368, 443]
MASB737;000215.png;1;[1543, 445];[1568, 443];[1565, 468];[1489.68, 465.267];[1398, 477]
MASB737;000216.png;1;[1530, 461];[1556, 459];[1553, 483];[1474.35, 482.935];[1382, 493]
MASB737;000217.png;1;[1550, 467];[1575, 466];[1571, 492];[1494.84, 488.438];[1402, 501]
MASB737;000218.png;1;[1549, 467];[1575, 466];[1571, 491];[1494.19, 487.91];[1402, 499]
MASB737;000219.png;1;[1559, 481];[1584, 480];[1581, 505];[1502.37, 503.045];[1410, 513]
MASB737;000220.png;1;[1505, 522];[1593, 502];[1588, 527];[1509.79, 524.923];[1416, 535]
MASB737;000221.png;1;[1507, 521];[1594, 500];[1590, 526];[1514.04, 523.442];[1418, 534]
MASB737;000222.png;1;[1567, 502];[1593, 500];[1589, 526];[1511.78, 523.739];[1417, 536]
MASB737;000223.png;1;[1506, 521];[1594, 501];[1590, 525];[1510.8, 524.265];[1418, 537]
MASB737;000224.png;1;[1507, 521];[1594, 500];[1590, 526];[1515.72, 523.466];[1419, 538]
MASB737;000225.png;1;[1571, 496];[1597, 494];[1593, 519];[1515.08, 517.791];[1420, 529]
MASB737;000226.png;1;[1571, 492];[1598, 492];[1593, 517];[1515.51, 513.738];[1420, 524]
MASB737;000227.png;1;[1572, 493];[1598, 492];[1587, 521];[1515.37, 514.906];[1421, 528]
MASB737;000228.png;1;[1580, 502];[1605, 502];[1600, 527];[1522.08, 524.568];[1426, 536]
MASB737;000229.png;1;[1517, 522];[1605, 502];[1594, 531];[1519.23, 525.627];[1427, 538]
MASB737;000230.png;1;[1578, 503];[1605, 501];[1601, 525];[1523.17, 524.883];[1427, 538]
MASB737;000233.png;1;[1622, 906];[1662, 844];[1628, 850];[1587.28, 881.424];[1440, 907]
MASB737;000234.png;1;[1577, 502];[1604, 502];[1592, 530];[1520.3, 524.076];[1426, 538]
MASB737;000235.png;1;[1577, 502];[1603, 500];[1599, 526];[1520.21, 523.959];[1425, 535]
MASB737;000236.png;1;[1623, 906];[1662, 844];[1467, 890];[1575.15, 879.973];[1439, 907]
MASB737;000237.png;1;[1623, 906];[1662, 844];[1606, 860];[1579.31, 878.171];[1439, 907]
MASB737;000238.png;1;[1577, 502];[1603, 500];[1599, 526];[1518.21, 524.409];[1425, 535]
MASB737;000239.png;1;[1577, 502];[1603, 500];[1599, 526];[1520.24, 523.879];[1425, 535]
MASB737;000240.png;1;[1623, 906];[1662, 844];[1472, 889];[1575.01, 880.1];[1433, 908]
MASB737;000241.png;1;[1577, 502];[1603, 500];[1599, 526];[1518.43, 524.196];[1425, 534]
MASB737;000242.png;1;[1577, 502];[1603, 500];[1599, 526];[1518.09, 524.209];[1425, 534]
ScootB787;000165.png;1;[1797, 85];[1813, 113];[1790, 110];[1757.42, 85.2446];[1701, 78]
ScootB787;000166.png;1;[1442, 769];[1469, 760];[1411, 754];[1365.55, 767.361];[1258, 784]
ScootB787;000167.png;1;[1692, 94];[1711, 123];[1680, 120];[1645.04, 95.8168];[1578, 90]
ScootB787;000168.png;1;[1651, 104];[1672, 135];[1639, 132];[1600.37, 107.021];[1527, 102]
ScootB787;000169.png;1;[1581, 114];[1604, 148];[1571, 144];[1526.3, 118.479];[1446, 115]
ScootB787;000170.png;1;[1503, 156];[1524, 155];[1509, 136];[1448.07, 134.084];[1371, 136]
ScootB787;000171.png;1;[1432, 168];[1456, 167];[1439, 146];[1374.45, 145.593];[1288, 150]
ScootB787;000172.png;1;[1368, 174];[1394, 173];[1375, 151];[1307.84, 151.888];[1217, 158]
ScootB787;000173.png;1;[1383, 174];[1409, 173];[1390, 151];[1323.09, 152.068];[1233, 157]
ScootB787;000174.png;1;[1384, 173];[1410, 172];[1391, 150];[1324.09, 151.068];[1234, 156]
ScootB787;000175.png;1;[1358, 179];[1383, 177];[1364, 155];[1295.94, 156.739];[1204, 162]
ScootB787;000176.png;1;[1324, 190];[1352, 189];[1331, 166];[1260.61, 168.257];[1165, 175]
ScootB787;000177.png;1;[1342, 211];[1371, 210];[1351, 187];[1276.88, 187.953];[1179, 194]
ScootB787;000178.png;1;[1314, 191];[1349, 231];[1295, 228];[1239.93, 201.928];[1128, 205]
ScootB787;000179.png;1;[1294, 244];[1326, 243];[1303, 218];[1224.61, 220.029];[1119, 227]
ScootB787;000180.png;1;[1286, 265];[1318, 264];[1294, 238];[1213.27, 239.869];[1102, 247]
ScootB787;000181.png;1;[1327, 236];[1364, 280];[1305, 275];[1247.16, 246.526];[1127, 248]
ScootB787;000182.png;1;[1307, 272];[1339, 271];[1316, 245];[1233.71, 246.229];[1123, 252]
ScootB787;000183.png;1;[1319, 236];[1357, 277];[1298, 275];[1238.44, 246.234];[1118, 249]
ScootB787;000184.png;1;[1310, 271];[1344, 271];[1320, 244];[1238.22, 245.509];[1128, 251]
ScootB787;000185.png;1;[1292, 290];[1327, 290];[1302, 262];[1218.06, 264.07];[1103, 271]
ScootB787;000186.png;1;[1284, 261];[1324, 307];[1265, 303];[1199.07, 273.851];[1074, 276]
ScootB787;000187.png;1;[1267, 256];[1308, 301];[1245, 297];[1183.18, 269.237];[1058, 273]
ScootB787;000188.png;1;[1274, 269];[1308, 268];[1284, 242];[1201.23, 244.113];[1091, 251]
ScootB787;000189.png;1;[1285, 264];[1319, 263];[1295, 237];[1212.81, 239.013];[1103, 246]
ScootB787;000190.png;1;[1284, 267];[1316, 266];[1291, 239];[1209.68, 241.43];[1098, 249]
ScootB787;000191.png;1;[1274, 293];[1307, 292];[1281, 264];[1197.32, 266.756];[1081, 274]
ScootB787;000192.png;1;[1622, 907];[1646, 870];[1609, 865];[1543.89, 889.036];[1415, 910]
ScootB787;000193.png;1;[1261, 313];[1300, 313];[1273, 284];[1185.66, 287.195];[1067, 295]
ScootB787;000194.png;1;[1261, 330];[1299, 330];[1272, 300];[1182.52, 303.806];[1061, 312]
ScootB787;000195.png;1;[1260, 329];[1298, 329];[1271, 299];[1182.1, 302.851];[1060, 312]
ScootB787;000196.png;1;[1259, 329];[1298, 329];[1271, 300];[1181.27, 302.957];[1060, 311]
ScootB787;000197.png;1;[1270, 291];[1313, 335];[1248, 334];[1183.29, 303.973];[1051, 309]
ScootB787;000198.png;1;[1263, 324];[1298, 323];[1271, 294];[1182.25, 297.392];[1062, 306]
ScootB787;000199.png;1;[1262, 322];[1301, 322];[1274, 293];[1185.28, 296.059];[1065, 304]
ScootB787;000200.png;1;[1255, 328];[1293, 328];[1267, 299];[1177.11, 302.116];[1055, 311]
ScootB787;000201.png;1;[1256, 327];[1295, 327];[1268, 298];[1178.39, 301.388];[1058, 310]
ScootB787;000202.png;1;[1260, 329];[1296, 328];[1269, 299];[1179.48, 302.385];[1058, 311]
ScootB787;000203.png;1;[1247, 327];[1285, 326];[1258, 297];[1169.08, 300.76];[1047, 310]
ScootB787;000204.png;1;[1257, 328];[1296, 328];[1269, 299];[1179.67, 302.099];[1058, 311]
ScootB787;000205.png;1;[1248, 326];[1286, 325];[1259, 296];[1169.93, 299.841];[1048, 309]
ScootB787;000206.png;1;[1252, 327];[1287, 326];[1260, 297];[1170.27, 300.594];[1050, 309]
ScootB787;000207.png;1;[1251, 327];[1288, 326];[1261, 297];[1171.57, 300.673];[1050, 310]
ScootB787;000208.png;1;[1251, 327];[1288, 326];[1261, 297];[1171.67, 300.683];[1051, 309]
ScootB787;000209.png;1;[1253, 327];[1288, 326];[1261, 297];[1170.82, 300.663];[1050, 309]
ScootB787;000210.png;1;[1250, 326];[1288, 326];[1261, 297];[1172.2, 300.337];[1051, 309]
ScootB787;000211.png;1;[1248, 326];[1285, 325];[1260, 297];[1169.24, 300.082];[1049, 309]
ScootB787PBB;000164-2.png;0
ScootB787PBB;000165.png;0
ScootB787PBB;000166.png;0
ScootB787PBB;000167.png;0
ScootB787PBB;000168-2.png;0
ScootB787PBB;000169.png;0
ScootB787PBB;000170.png;0
ScootB787PBB;000171.png;0
ScootB787PBB;000172-2.png;0
ScootB787PBB;000173.png;0
ScootB787PBB;000174.png;0
ScootB787PBB;000175.png;0
ScootB787PBB;000176-2.png;0
ScootB787PBB;000177.png;0
ScootB787PBB;000178.png;0
ScootB787PBB;000179.png;0
ScootB787PBB;000180-2.png;0
ScootB787PBB;000181.png;0
ScootB787PBB;000182.png;0
ScootB787PBB;000183-2.png;0
ScootB787PBB;000184.png;1;[1445, 46];[1471, 45];[1453, 23];[1374.36, 20.8265];[1276, 26]
ScootB787PBB;000185.png;1;[1452, 28];[1485, 69];[1436, 65];[1378.46, 37.4114];[1271, 38]
ScootB787PBB;000186-2.png;1;[1452, 44];[1485, 84];[1439, 81];[1378.86, 53.3172];[1272, 55]
ScootB787PBB;000187.png;1;[1443, 92];[1469, 91];[1450, 69];[1375.08, 68.3904];[1279, 74]
ScootB787PBB;000188.png;1;[1444, 108];[1469, 107];[1450, 84];[1376.05, 84.2967];[1281, 90]
ScootB787PBB;000189-2.png;1;[1445, 123];[1469, 122];[1451, 100];[1377.08, 99.8615];[1283, 106]
ScootB787PBB;000190.png;1;[1445, 138];[1470, 137];[1451, 115];[1377.9, 115.433];[1286, 121]
ScootB787PBB;000191.png;1;[1453, 122];[1482, 160];[1436, 157];[1381.61, 131.451];[1279, 135]
ScootB787PBB;000192.png;1;[1445, 168];[1470, 167];[1451, 145];[1379.39, 145.778];[1288, 152]
ScootB787PBB;000193.png;1;[1447, 183];[1469, 181];[1451, 160];[1379.37, 160.834];[1290, 167]
ScootB787PBB;000194.png;1;[1445, 197];[1468, 195];[1451, 175];[1379.81, 175.375];[1291, 182]
ScootB787PBB;000195.png;1;[1426, 201];[1451, 200];[1433, 179];[1359.62, 179.994];[1269, 187]
ScootB787PBB;000196.png;1;[1388, 209];[1414, 208];[1395, 186];[1320.74, 188.077];[1225, 197]
ScootB787PBB;000197.png;1;[1341, 220];[1368, 218];[1348, 196];[1270.53, 199.335];[1171, 209]
ScootB787PBB;000198.png;1;[1311, 196];[1345, 234];[1292, 233];[1232.8, 208.944];[1119, 217]
ScootB787PBB;000199.png;1;[1257, 242];[1282, 239];[1260, 216];[1178.31, 221.012];[1072, 233]
ScootB787PBB;000200.png;1;[1218, 216];[1257, 257];[1202, 257];[1137.15, 232.491];[1017, 243]
ScootB787PBB;000201.png;1;[1222, 248];[1253, 246];[1230, 223];[1146.5, 228.384];[1038, 241]
ScootB787PBB;000202.png;1;[1227, 214];[1265, 254];[1209, 254];[1145.31, 229.691];[1026, 240]
ScootB787PBB;000203.png;1;[1220, 215];[1258, 255];[1202, 255];[1137.86, 230.625];[1019, 241]
ScootB787PBB;000204.png;1;[1199, 220];[1237, 259];[1183, 260];[1116.05, 235.586];[995, 246]
ScootB787PBB;000205.png;1;[1197, 220];[1236, 259];[1178, 260];[1114.81, 236.14];[993, 247]
ScootB787PBB;000206.png;1;[1192, 255];[1224, 252];[1201, 228];[1116.24, 234.819];[1005, 249]
ScootB787PBB;000207.png;1;[1170, 234];[1211, 276];[1153, 276];[1086.43, 251.512];[961, 265]
ScootB787PBB;000208.png;1;[1144, 244];[1186, 286];[1131, 287];[1059.36, 262.214];[932, 275]
ScootB787PBB;000209.png;1;[1147, 256];[1187, 297];[1126, 297];[1060.77, 273.477];[936, 285]
ScootB787PBB;000210.png;1;[1151, 272];[1191, 311];[1133, 313];[1066.42, 289];[942, 301]
ScootB787PBB;000211.png;1;[1145, 323];[1177, 318];[1154, 297];[1066.45, 304.232];[956, 322]
ScootB787PBB;000212.png;1;[1197, 329];[1225, 326];[1202, 302];[1114.77, 307.983];[1002, 321]
ScootB787PBB;000213.png;1;[1196, 291];[1236, 331];[1177, 332];[1112.81, 307.399];[989, 318]
ScootB787PBB;000214.png;1;[1187, 327];[1220, 325];[1197, 301];[1109.58, 306.837];[997, 320]
ScootB787PBB;000215.png;1;[1189, 327];[1222, 325];[1198, 301];[1111.49, 306.596];[998, 320]
ScootB787PBB;000216.png;1;[1222, 332];[1250, 329];[1227, 305];[1139.51, 310.196];[1027, 322]
ScootB787PBB;000217.png;1;[1208, 335];[1241, 333];[1217, 308];[1128.84, 313.735];[1016, 326]
ScootB787PBB;000218.png;1;[1196, 340];[1229, 338];[1205, 313];[1116.37, 318.679];[1003, 331]
ScootB787PBB;000219.png;1;[1194, 358];[1226, 355];[1203, 331];[1116.9, 336.575];[1003, 349]
ScootB787PBB;000220.png;1;[1195, 360];[1228, 358];[1205, 334];[1117.5, 339.25];[1005, 351]
ScootB787PBB;000221.png;1;[1190, 366];[1223, 364];[1199, 340];[1110.86, 345.255];[997, 358]
ScootB787PBB;000222.png;1;[1191, 368];[1222, 365];[1199, 341];[1109.73, 346.623];[997, 359]
ScootB787PBB;000223.png;1;[1189, 368];[1222, 365];[1199, 341];[1109.95, 346.705];[997, 359]
ScootB787PBB;000224.png;1;[1192, 368];[1222, 365];[1199, 341];[1109.87, 346.486];[996, 359]
ScootB787PBB;000225.png;1;[1189, 367];[1223, 365];[1198, 340];[1111.13, 346.023];[996, 359]
ScootB787PBB;000226.png;1;[1198, 330];[1238, 372];[1183, 372];[1113.2, 346.139];[988, 355]
ScootB787PBB;000227-2.png;1;[1198, 330];[1238, 372];[1183, 372];[1113.66, 346.17];[988, 356]
ScootB787PBB;000228.png;1;[1200, 331];[1238, 372];[1178, 371];[1113.31, 346.149];[988, 355]
SilkAirB737;000104.png;0
SilkAirB737;000105.png;0
SilkAirB737;000106.png;1;[1343, 272];[1369, 276];[1347, 277];[1299.22, 273.614];[1230, 270]
SilkAirB737;000107.png;1;[1347, 273];[1373, 277];[1351, 278];[1301.71, 274.832];[1231, 272]
SilkAirB737;000108.png;0
SilkAirB737;000109.png;1;[1341, 247];[1369, 251];[1347, 252];[1296.38, 248.592];[1224, 246]
SilkAirB737;000110.png;1;[1340, 236];[1367, 242];[1344, 242];[1294.7, 238.24];[1221, 235]
SilkAirB737;000111.png;1;[1341, 257];[1370, 261];[1346, 262];[1296.33, 258.719];[1219, 256]
SilkAirB737;000112.png;0
SilkAirB737;000113.png;1;[1324, 347];[1357, 351];[1332, 352];[1275.43, 349.462];[1190, 347]
SilkAirB737;000114.png;0
SilkAirB737;000115.png;0
SilkAirB737;000116.png;0
SilkAirB737;000117.png;0
SilkAirB737;000118.png;0
SilkAirB737;000119.png;0
SilkAirB737;000120.png;0
SilkAirB737;000121.png;0
SilkAirB737;000122.png;0
SilkAirB737;000123.png;0
SilkAirB737;000124.png;1;[1301, 520];[1339, 521];[1307, 527];[1241.85, 523.862];[1144, 528]
SilkAirB737;000125.png;1;[1301, 521];[1342, 519];[1310, 526];[1246.09, 524.122];[1147, 526]
SilkAirB737;000126.png;1;[1305, 526];[1346, 526];[1314, 531];[1250.41, 528.159];[1161, 530]
SilkAirB737;000127.png;1;[1307, 524];[1346, 524];[1314, 530];[1248.63, 527.923];[1150, 530]
SilkAirB737;000128.png;0
SilkAirB737;000129.png;1;[1311, 524];[1346, 524];[1314, 530];[1248.88, 526.974];[1150, 531]
SilkAirB737;000130.png;0
SilkAirB737;000131.png;1;[875, 436];[905, 449];[886, 443];[829.271, 423.26];[780, 432]
SilkAirB737;000132.png;0
SilkAirB737;000133.png;1;[875, 436];[906, 448];[796, 447];[828.972, 423.031];[779, 396]
SilkAirB737;000134.png;1;[877, 436];[906, 448];[797, 447];[830.855, 425.199];[779, 397]
SilkAirB737;000135.png;1;[877, 436];[906, 448];[887, 443];[829.561, 423.133];[779, 396]
SilkAirB737;000136.png;1;[876, 436];[906, 448];[792, 445];[828.189, 422.071];[779, 396]
SilkAirB737;000137.png;0
SilkAirB737;000138.png;0
SilkAirB737;000139.png;0
SQB772;000125-1.png;1;[1729, 113];[1744, 139];[1717, 135];[1688.37, 115.14];[1631, 110]
SQB772;000126-1.png;1;[1690, 111];[1707, 137];[1679, 134];[1647.37, 113.525];[1586, 110]
SQB772;000127.png;1;[1639, 109];[1658, 138];[1631, 135];[1593.63, 113.479];[1529, 110]
SQB772;000128.png;1;[1581, 109];[1601, 138];[1569, 135];[1531.59, 113.775];[1461, 114]
SQB772;000129-1.png;1;[1514, 109];[1537, 140];[1503, 137];[1462.99, 115.523];[1387, 114]
SQB772;000130.png;1;[1448, 123];[1473, 153];[1437, 152];[1393.07, 130.299];[1312, 131]
SQB772;000131.png;1;[1372, 134];[1399, 165];[1358, 164];[1313.97, 143.458];[1228, 147]
SQB772;000132-1.png;1;[1297, 166];[1319, 164];[1303, 147];[1241.8, 149.077];[1162, 156]
SQB772;000133.png;1;[1248, 173];[1271, 171];[1254, 153];[1191.66, 156.075];[1109, 164]
SQB772;000134-1.png;1;[1200, 180];[1224, 178];[1206, 159];[1141.07, 163.355];[1057, 172]
SQB772;000135.png;1;[1138, 188];[1164, 186];[1145, 167];[1079.72, 171.819];[992, 182]
SQB772;000136-1.png;1;[1080, 196];[1108, 194];[1087, 174];[1022.28, 180.449];[932, 192]
SQB772;000137.png;1;[1103, 194];[1130, 192];[1109, 172];[1044.78, 177.885];[954, 189]
SQB772;000138-1.png;1;[1096, 164];[1133, 199];[1082, 199];[1031.64, 180.082];[935, 189]
SQB772;000139.png;1;[1087, 195];[1114, 192];[1094, 173];[1028.89, 178.964];[939, 190]
SQB772;000140.png;1;[1091, 196];[1117, 193];[1098, 174];[1030.17, 179.978];[942, 191]
SQB772;000141.png;1;[1089, 195];[1115, 192];[1096, 173];[1029.74, 178.931];[940, 190]
SQB772;000142.png;1;[1089, 318];[1115, 305];[1053, 293];[1016.91, 308.94];[912, 313]
SQB772;000143.png;1;[1087, 195];[1114, 192];[1094, 173];[1026.49, 178.97];[938, 190]
SQB772;000144.png;1;[1088, 194];[1114, 191];[1094, 172];[1029.86, 177.836];[940, 189]
SQB772;000145.png;1;[1090, 194];[1116, 191];[1096, 172];[1030.91, 177.608];[941, 189]
SQB772;000146.png;1;[1094, 167];[1129, 200];[1084, 202];[1028.41, 182.011];[931, 190]
SQB772;000147.png;1;[1097, 184];[1134, 218];[1085, 220];[1030.97, 198.928];[928, 208]
SQB772;000148-1.png;1;[1080, 342];[1105, 329];[1041, 317];[1008.88, 333.225];[897, 339]
SQB772;000149.png;1;[1081, 347];[1111, 332];[1048, 320];[1009.56, 336.113];[901, 341]
SQB772;000150.png;1;[1087, 346];[1115, 333];[1048, 320];[1011.96, 336.46];[903, 341]
SQB772;000151.png;1;[1086, 348];[1113, 335];[1046, 322];[1012.74, 338.257];[902, 344]
SQB772;000152.png;1;[1072, 372];[1099, 359];[1029, 347];[994.065, 364.584];[880, 371]
SQB772;000153.png;1;[1144, 254];[1184, 294];[1126, 294];[1070.05, 271.888];[957, 281]
SQB772;000154.png;1;[1159, 275];[1201, 314];[1142, 316];[1084.77, 293.794];[968, 306]
SQB772;000155.png;1;[1218, 354];[1253, 352];[1228, 327];[1146.06, 334.46];[1035, 347]
SQB772;000156.png;1;[1255, 387];[1290, 385];[1265, 359];[1180.81, 366.367];[1066, 380]
SQB772;000157.png;1;[1252, 388];[1286, 385];[1260, 359];[1176.44, 367.049];[1062, 380]
SQB772;000158-1.png;1;[1273, 395];[1309, 393];[1283, 367];[1197.63, 374.002];[1082, 387]
SQB772;000159.png;1;[1252, 387];[1288, 384];[1263, 359];[1178.2, 366.619];[1064, 380]
SQB772;000160.png;1;[1256, 388];[1291, 385];[1266, 360];[1182.49, 367.185];[1067, 380]
SQB772;000161.png;1;[1250, 372];[1286, 370];[1260, 344];[1177.23, 351.631];[1064, 364]
SQB772;000162.png;1;[1236, 361];[1272, 359];[1246, 334];[1164.44, 341.24];[1052, 354]
SQB772;000163.png;1;[1235, 360];[1269, 357];[1244, 332];[1162.78, 339.929];[1051, 353]
SQB772;000164.png;1;[1259, 387];[1295, 384];[1269, 358];[1184.41, 365.983];[1069, 379]
SQB772;000165.png;1;[1239, 379];[1275, 376];[1249, 351];[1164.96, 358.933];[1052, 372]
SQB772;000166.png;1;[1260, 402];[1297, 400];[1271, 374];[1185, 381.512];[1069, 394]
SQB772;000167.png;1;[1255, 401];[1291, 398];[1265, 372];[1179.2, 380.199];[1063, 393]
SQB772;000168-1.png;1;[1255, 399];[1292, 397];[1265, 371];[1178.48, 378.491];[1063, 392]
SQB772;000169.png;1;[1243, 362];[1278, 360];[1253, 335];[1170.58, 342.32];[1059, 355]
SQB772;000170.png;1;[1214, 323];[1247, 320];[1223, 296];[1144.96, 303.668];[1039, 316]
SQB772;000171.png;1;[1233, 283];[1273, 323];[1220, 324];[1154.5, 300.978];[1041, 309]
SQB772;000172.png;1;[1232, 318];[1265, 316];[1241, 292];[1163.21, 298.478];[1057, 311]
SQB772;000173.png;1;[1217, 468];[1263, 446];[1175, 435];[1142.95, 453.81];[1006, 459]
SQB772;000174.png;1;[1213, 353];[1248, 351];[1223, 327];[1140.72, 333.86];[1030, 347]
SQB772;000175.png;1;[1227, 325];[1269, 367];[1210, 368];[1144.45, 344.086];[1023, 355]
SQB772;000176.png;1;[1230, 364];[1265, 362];[1240, 337];[1155.79, 343.89];[1045, 356]
SQB772;000177.png;1;[1225, 364];[1261, 362];[1235, 337];[1151.56, 343.948];[1041, 356]
SQB772;000178-1.png;1;[1242, 396];[1279, 394];[1252, 368];[1166.44, 375.22];[1050, 388]
SQB772;000179.png;1;[1220, 392];[1257, 390];[1230, 364];[1144.48, 371.88];[1029, 385]
SQB772;000180.png;1;[1244, 399];[1281, 397];[1254, 370];[1168.4, 378.128];[1051, 391]
SQB772;000181.png;1;[1242, 398];[1279, 396];[1253, 370];[1166.88, 377.214];[1050, 390]
SQB772;000182.png;1;[1242, 397];[1274, 394];[1248, 368];[1162.36, 375.566];[1046, 388]
SQB772;000183.png;1;[1238, 397];[1276, 395];[1248, 368];[1163.68, 375.929];[1046, 389]
SQB772;000184.png;1;[1241, 398];[1277, 395];[1251, 369];[1165.16, 376.7];[1049, 389]
SQB772;000185.png;1;[1241, 397];[1277, 395];[1251, 369];[1164.77, 376.325];[1048, 389]
SQB772;000186.png;1;[1238, 397];[1275, 394];[1249, 369];[1162.77, 375.752];[1047, 388]
SQB772;000187.png;1;[1238, 396];[1275, 394];[1248, 368];[1161.05, 375.449];[1046, 388]
SQB772;000188.png;1;[1239, 396];[1275, 394];[1249, 368];[1162.02, 375.372];[1047, 388]
SQB772Rain;000141.png;0
SQB772Rain;000142.png;1;[1664, 224];[1710, 219];[1662, 201];[1638.61, 210.399];[1571, 203]
SQB772Rain;000143.png;1;[1667, 198];[1670, 221];[1591, 237];[1597, 208.826];[1522, 207]
SQB772Rain;000144.png;0
SQB772Rain;000145.png;1;[1553, 232];[1580, 226];[1525, 208];[1496.11, 217.843];[1415, 213]
SQB772Rain;000146.png;0
SQB772Rain;000147.png;0
SQB772Rain;000148.png;1;[1341, 149];[1363, 147];[1346, 129];[1285.27, 130.073];[1206, 135]
SQB772Rain;000149.png;1;[1260, 159];[1281, 157];[1263, 138];[1199.26, 140.282];[1115, 147]
SQB772Rain;000150.png;1;[1264, 158];[1288, 156];[1271, 138];[1207.37, 139.897];[1123, 147]
SQB772Rain;000151.png;1;[1272, 162];[1295, 160];[1278, 141];[1213.84, 143.304];[1130, 149]
SQB772Rain;000152.png;1;[1258, 159];[1281, 157];[1265, 139];[1200.66, 140.849];[1116, 148]
SQB772Rain;000153.png;1;[1251, 158];[1272, 156];[1254, 137];[1189.64, 139.553];[1106, 147]
SQB772Rain;000154.png;1;[1243, 157];[1267, 155];[1250, 137];[1185.11, 139.286];[1101, 147]
SQB772Rain;000155.png;1;[1241, 157];[1265, 155];[1247, 136];[1183.22, 139.125];[1099, 146]
SQB772Rain;000156.png;1;[1242, 158];[1264, 156];[1246, 137];[1182.68, 139.595];[1097, 147]
SQB772Rain;000157.png;1;[1240, 162];[1264, 160];[1246, 141];[1182.11, 144.121];[1096, 152]
SQB772Rain;000158.png;1;[1234, 185];[1260, 183];[1241, 163];[1174.51, 166.318];[1084, 174]
SQB772Rain;000159.png;1;[1234, 190];[1257, 188];[1237, 167];[1170.44, 170.659];[1079, 179]
SQB772Rain;000160.png;1;[1237, 192];[1263, 190];[1244, 170];[1175.45, 173.216];[1085, 181]
SQB772Rain;000161.png;1;[1231, 194];[1258, 192];[1239, 172];[1170.93, 175.469];[1080, 183]
SQB772Rain;000162.png;1;[1240, 219];[1264, 217];[1243, 195];[1172.42, 198.867];[1078, 207]
SQB772Rain;000163.png;1;[1255, 236];[1293, 276];[1235, 275];[1177.62, 251.31];[1066, 257]
SQB772Rain;000164.png;1;[1199, 399];[1288, 411];[1216, 429];[1159.14, 415.956];[1030, 422]
SQB772Rain;000165.png;1;[1251, 332];[1285, 330];[1260, 304];[1176.63, 309.63];[1064, 320]
SQB772Rain;000166.png;1;[1271, 326];[1313, 371];[1250, 370];[1185.21, 342.988];[1058, 350]
SQB772Rain;000167.png;1;[1239, 367];[1274, 365];[1248, 338];[1162.09, 344.087];[1043, 355]
SQB772Rain;000168.png;1;[1254, 373];[1289, 371];[1262, 343];[1174.68, 349.628];[1056, 360]
SQB772Rain;000169.png;1;[1246, 384];[1282, 382];[1257, 356];[1170.17, 361.732];[1054, 372]
SQB772Rain;000170.png;1;[1244, 391];[1279, 389];[1254, 363];[1169.22, 369.067];[1054, 380]
SQB772Rain;000171.png;1;[1259, 396];[1294, 394];[1269, 368];[1183.44, 373.715];[1068, 384]
SQB772Rain;000172.png;1;[1249, 394];[1285, 392];[1260, 366];[1174.44, 371.704];[1058, 383]
SQB772Rain;000173.png;1;[1247, 399];[1282, 396];[1258, 371];[1172.33, 376.743];[1058, 387]
SQB772Rain;000174.png;1;[1247, 402];[1283, 400];[1257, 374];[1172.25, 380.187];[1057, 391]
SQB772Rain;000175.png;1;[1248, 407];[1283, 405];[1258, 379];[1172.5, 384.82];[1056, 396]
SQB772Rain;000176.png;1;[1250, 407];[1284, 405];[1258, 379];[1170.63, 384.623];[1056, 395]
SQB772Rain;000177.png;1;[1248, 407];[1285, 405];[1259, 379];[1173.4, 384.954];[1057, 396]
SQB772Rain;000178.png;1;[1249, 407];[1285, 405];[1259, 379];[1173.77, 384.814];[1057, 396]
SQB772Rain;000179.png;1;[1249, 407];[1285, 405];[1260, 379];[1174.22, 384.849];[1057, 396]
SQB772Rain;000180.png;1;[1248, 407];[1284, 405];[1259, 379];[1173.53, 385.211];[1057, 396]
SQB772Rain;000181.png;1;[1248, 407];[1285, 405];[1259, 379];[1173.99, 385.076];[1057, 396]
SQB772Rain;000182.png;1;[1248, 407];[1285, 405];[1259, 379];[1174.04, 384.801];[1057, 396]
TigerAirA320;000140.png;1;[1230, 757];[1563, 709];[1283, 727];[1388.99, 727.222];[1223, 741]
TigerAirA320;000141.png;1;[1232, 757];[1565, 709];[1285, 727];[1392.81, 727.194];[1224, 737]
TigerAirA320;000142.png;1;[1231, 755];[1567, 713];[1290, 726];[1389.47, 725.572];[1226, 737]
TigerAirA320;000143.png;1;[659, 792];[736, 785];[715, 765];[682.491, 778.396];[628, 776]
TigerAirA320;000144.png;1;[999, 786];[1029, 767];[948, 764];[877.266, 781.183];[718, 783]
TigerAirA320;000145.png;1;[1209, 790];[1552, 744];[1268, 759];[1372.33, 757.65];[1202, 772]
TigerAirA320;000146.png;0
TigerAirA320;000147.png;0
TigerAirA320;000148.png;1;[438, 889];[461, 867];[429, 864];[397.731, 888.102];[346, 910]
TigerAirA320;000149.png;1;[438, 889];[462, 867];[430, 864];[398.361, 888.283];[346, 910]
TigerAirA320;000150.png;1;[447, 885];[472, 863];[439, 860];[404.435, 886.116];[353, 911]
TigerAirA320;000151.png;1;[446, 887];[470, 865];[440, 862];[403.883, 887.348];[353, 911]
TigerAirA320;000152.png;1;[497, 853];[510, 840];[467, 831];[457.578, 844.283];[419, 849]
TigerAirA320;000153.png;1;[350, 908];[409, 887];[404, 843];[310.536, 882.621];[172, 872]
TigerAirA320;000154.png;1;[349, 912];[410, 890];[402, 850];[310.838, 886.283];[174, 875]
TigerAirA320;000155.png;1;[350, 912];[410, 891];[402, 853];[309.373, 887.934];[175, 876]
TigerAirA320;000157.png;1;[360, 913];[392, 900];[383, 860];[304.408, 895.738];[185, 891]
TigerAirA320;000158.png;1;[319, 909];[388, 904];[380, 869];[301.726, 900.298];[189, 896]
TigerAirA320;000159.png;1;[319, 909];[390, 904];[380, 867];[303.296, 899.75];[189, 896]
TigerAirA320;000160.png;1;[367, 913];[398, 900];[388, 864];[305.174, 896.533];[184, 889]
TigerAirA320;000161.png;1;[365, 913];[399, 899];[389, 863];[305.703, 895.747];[183, 888]
TigerAirA320;000162.png;1;[639, 923];[652, 919];[631, 897];[596.78, 909.618];[541, 906]
TigerAirA320;000163.png;1;[321, 909];[399, 907];[386, 881];[300.093, 903.942];[188, 895]
TigerAirA320;000164.png;0
TigerAirA320;000165.png;1;[320, 909];[399, 907];[386, 878];[302.836, 903.097];[188, 896]
TigerAirA320;000166.png;1;[319, 909];[396, 907];[386, 878];[300.96, 903.135];[188, 895]
TigerAirA320;000167.png;1;[320, 909];[396, 907];[386, 878];[301.289, 903.076];[188, 895]
TigerAirA320;000168.png;0
TigerAirA320;000169.png;0
TigerAirA320;000170.png;0
TigerAirA320;000171.png;0
TigerAirA320;000172.png;0
TigerAirA320;000173.png;0
TigerAirA320;000174.png;0
TigerAirA320;000175.png;0
TigerAirA320;000176.png;0
TigerAirA320;000177.png;0
TigerAirA320;000178.png;0
TigerAirA320;000179.png;0
TigerAirA320;000180.png;0
TigerAirA320;000181.png;0
TigerAirA320;000182.png;0
TigerAirA320;000183.png;0
TigerAirA320;000184.png;0
TigerAirA320;000185.png;0
TigerAirA320;000186.png;0
TigerAirA320;000187.png;0
TigerAirA320;000189.png;0
TigerAirA320;000190.png;0
TigerAirA320;000191.png;0
TigerAirA320;000192.png;0
TigerAirA320;000193.png;0
TigerAirA320;000194.png;0
TigerAirA320;000195.png;0
TigerAirA320;000196.png;0
TigerAirA320;000197.png;0
TigerAirA320;000198.png;0
TigerAirA320;000199.png;0
TigerAirA320;000200.png;0
TigerAirA320;000201.png;0
TigerAirA320;000202.png;0
TigerAirA320;000203.png;0
TigerAirA320;000204.png;0
TigerAirA320;000205.png;0
TigerAirA320;000206.png;0
TigerAirA320;000207.png;0
TigerAirA320;000208.png;0
TigerAirA320;000209.png;0
TigerAirA320;000210.png;0
TigerAirA320;000211.png;0
TigerAirA320;000212.png;0
TigerAirA320;000213.png;0
TigerAirA320Rain;000120.png;0
TigerAirA320Rain;000121.png;0
TigerAirA320Rain;000122.png;0
TigerAirA320Rain;000123.png;0
TigerAirA320Rain;000124.png;0
TigerAirA320Rain;000125.png;0
TigerAirA320Rain;000126.png;0
TigerAirA320Rain;000127.png;0
TigerAirA320Rain;000128.png;0
TigerAirA320Rain;000129.png;0
TigerAirA320Rain;000130.png;0
TigerAirA320Rain;000131.png;0
TigerAirA320Rain;000132.png;0
TigerAirA320Rain;000133.png;0
TigerAirA320Rain;000134.png;0
TigerAirA320Rain;000135.png;0
TigerAirA320Rain;000136.png;0
TigerAirA320Rain;000137.png;1;[1273, 479];[1296, 482];[1278, 483];[1234.04, 480.811];[1168, 480]
TigerAirA320Rain;000138.png;0
TigerAirA320Rain;000139.png;1;[1274, 516];[1297, 520];[1279, 520];[1233.7, 518.454];[1165, 518]
TigerAirA320Rain;000140.png;1;[1282, 510];[1306, 513];[1287, 514];[1240.24, 512.386];[1172, 511]
TigerAirA320Rain;000141.png;0
TigerAirA320Rain;000143.png;0
TigerAirA320Rain;000144.png;1;[1290, 546];[1316, 546];[1294, 551];[1246.98, 548.534];[1178, 546]
TigerAirA320Rain;000145.png;0
TigerAirA320Rain;000146.png;0
TigerAirA320Rain;000147.png;0
TigerAirA320Rain;000148.png;0
TigerAirA320Rain;000149.png;0
TigerAirA320Rain;000150.png;0
TigerAirA320Rain;000151.png;0
TigerAirA320Rain;000152.png;0
TigerAirA320Rain;000153.png;1;[884, 521];[922, 527];[813, 527];[847.526, 509.032];[802, 486]
TigerAirA320Rain;000154.png;0
TigerAirA320Rain;000155.png;0
TigerAirA320Rain;000156.png;1;[1288, 545];[1313, 546];[1289, 551];[1246.25, 547.481];[1174, 550]
TigerAirA320Rain;000157.png;1;[1288, 545];[1313, 546];[1289, 551];[1245.85, 547.886];[1174, 550]
TigerAirA320Rain;000120.png;0
TigerAirA320Rain;000121.png;0
TigerAirA320Rain;000122.png;0
TigerAirA320Rain;000123.png;0
TigerAirA320Rain;000124.png;0
TigerAirA320Rain;000125.png;0
TigerAirA320Rain;000126.png;0
TigerAirA320Rain;000127.png;0
