C:/Users/bojan/Desktop/TestFeatures/A320/;000156.png;1;[1063, 148];[1071, 132];[1082, 145];[1073, 242];[1073.3577, 183.72195]
C:/Users/bojan/Desktop/TestFeatures/A320/;000157.png;1;[1073, 176];[1084, 157];[1093, 173];[1083, 273];[1083.6884, 213.11311]
C:/Users/bojan/Desktop/TestFeatures/A320/;000158.png;1;[1064, 175];[1072, 156];[1084, 173];[1074, 271];[1074.3789, 211.66095]
C:/Users/bojan/Desktop/TestFeatures/A320/;000159.png;1;[1069, 175];[1080, 156];[1089, 173];[1079, 271];[1079.4808, 210.78168]
C:/Users/bojan/Desktop/TestFeatures/A320/;000160.png;1;[1074, 176];[1085, 156];[1094, 173];[1084, 271];[1084.3562, 210.93198]
C:/Users/bojan/Desktop/TestFeatures/A320/;000161.png;0
C:/Users/bojan/Desktop/TestFeatures/A320/;000162.png;1;[1075, 195];[1084, 178];[1096, 195];[1086, 296];[1086.0942, 234.41121]
C:/Users/bojan/Desktop/TestFeatures/A320/;000163.png;1;[1078, 221];[1087, 202];[1099, 218];[1089, 324];[1089.3518, 261.24112]
C:/Users/bojan/Desktop/TestFeatures/A320/;000164.png;1;[1087, 249];[1097, 229];[1110, 247];[1099, 356];[1099.1011, 290.65048]
C:/Users/bojan/Desktop/TestFeatures/A320/;000165.png;1;[1056, 272];[1069, 252];[1079, 274];[1068, 383];[1068.2502, 316.03601]
C:/Users/bojan/Desktop/TestFeatures/A320/;000166.png;1;[1049, 299];[1059, 280];[1073, 300];[1061, 414];[1061.6526, 345.07153]
C:/Users/bojan/Desktop/TestFeatures/A320/;000167.png;1;[1055, 321];[1065, 297];[1080, 319];[1068, 434];[1068.2129, 362.97092]
C:/Users/bojan/Desktop/TestFeatures/A320/;000168.png;1;[1052, 306];[1063, 282];[1077, 303];[1065, 419];[1065.4424, 350.57599]
C:/Users/bojan/Desktop/TestFeatures/A320/;000169.png;1;[1045, 303];[1056, 280];[1070, 300];[1058, 419];[1058.8285, 348.10867]
C:/Users/bojan/Desktop/TestFeatures/A320/;000170.png;1;[1057, 336];[1069, 311];[1083, 333];[1070, 455];[1070.7909, 381.22119]
C:/Users/bojan/Desktop/TestFeatures/A320/;000171.png;1;[1060, 350];[1072, 326];[1087, 349];[1074, 471];[1073.8356, 396.4809]
C:/Users/bojan/Desktop/TestFeatures/A320/;000172.png;1;[1056, 349];[1067, 326];[1082, 347];[1069, 471];[1069.7791, 395.0564]
C:/Users/bojan/Desktop/TestFeatures/A320/;000173.png;1;[1051, 351];[1063, 325];[1077, 347];[1064, 470];[1064.7827, 395.54016]
C:/Users/bojan/Desktop/TestFeatures/A320/;000174.png;1;[1053, 342];[1065, 318];[1080, 339];[1067, 463];[1067.2014, 387.03354]
C:/Users/bojan/Desktop/TestFeatures/A320/;000175.png;1;[1056, 357];[1068, 335];[1083, 358];[1070, 483];[1069.9844, 407.62961]
C:/Users/bojan/Desktop/TestFeatures/A320/;000176.png;1;[1052, 364];[1067, 338];[1080, 363];[1066, 487];[1067.0081, 412.20834]
C:/Users/bojan/Desktop/TestFeatures/A320/;000177.png;1;[1049, 366];[1061, 340];[1076, 362];[1063, 489];[1063.6791, 414.33475]
C:/Users/bojan/Desktop/TestFeatures/A320/;000178.png;1;[1046, 373];[1058, 347];[1074, 370];[1060, 497];[1061.0021, 418.62384]
C:/Users/bojan/Desktop/TestFeatures/A320/;000179.png;1;[1049, 382];[1061, 357];[1077, 380];[1063, 507];[1063.5906, 426.94977]
C:/Users/bojan/Desktop/TestFeatures/A320/;000180.png;1;[1051, 387];[1063, 364];[1079, 388];[1065, 515];[1065.4861, 438.1799]
C:/Users/bojan/Desktop/TestFeatures/A320/;000181.png;1;[1048, 398];[1063, 371];[1076, 394];[1062, 523];[1062.9879, 445.3541]
C:/Users/bojan/Desktop/TestFeatures/A320/;000182.png;1;[1048, 397];[1061, 370];[1077, 396];[1063, 523];[1063.4071, 446.22726]
C:/Users/bojan/Desktop/TestFeatures/A320/;000183.png;1;[1048, 394];[1063, 370];[1076, 398];[1062, 523];[1063.3304, 443.63571]
C:/Users/bojan/Desktop/TestFeatures/A320/;000184.png;1;[1048, 397];[1060, 371];[1077, 396];[1063, 523];[1063.4465, 445.40961]
C:/Users/bojan/Desktop/TestFeatures/A320/;000185.png;1;[1048, 394];[1063, 370];[1076, 398];[1062, 523];[1063.1733, 445.98578]
C:/Users/bojan/Desktop/TestFeatures/A320/;000186.png;1;[1048, 398];[1060, 371];[1076, 394];[1062, 522];[1062.724, 445.04153]
